398 334 379 327
379 327 365 329
365 329 363 318
365 329 357 333
363 318 355 293
355 293 318 209
318 209 284 150
318 209 311 210
284 150 242 80
284 150 278 153
242 80 183 8
242 80 237 86
183 8 162 22
162 22 139 37
162 22 166 27
133 40 113 46
133 40 135 45
113 46 28 58
28 58 12 57
28 58 26 65
4 58 5 68
17 171 17 190
17 171 3 178
20 203 23 214
23 214 26 224
23 214 10 213
26 224 30 233
64 280 92 322
64 280 73 280
118 365 124 371
124 371 127 379
127 379 129 388
129 388 130 397
139 472 141 515
139 472 146 474
141 515 146 563
141 515 115 514
146 563 144 607
144 607 113 606
144 607 146 621
146 621 151 625
151 625 158 618
158 618 164 616
158 618 157 604
157 604 151 562
157 604 144 607
151 562 146 474
140 402 137 387
137 387 134 374
134 374 128 360
128 360 73 280
73 280 66 270
73 280 82 268
62 262 35 220
35 220 30 210
30 210 28 196
28 196 13 67
13 67 26 65
13 67 12 57
26 65 110 54
26 65 30 74
26 65 28 58
110 54 135 45
135 45 135 45
135 45 142 42
135 45 141 55
141 55 137 60
141 55 147 51
141 55 185 125
127 62 113 66
127 62 137 60
127 62 131 99
113 66 98 68
113 66 127 62
113 66 116 99
98 68 81 70
98 68 113 66
98 68 100 103
81 70 66 71
81 70 98 68
81 70 85 114
66 71 48 73
66 71 81 70
66 71 68 114
48 73 30 74
48 73 66 71
48 73 50 117
30 74 38 166
30 74 26 65
30 74 48 73
38 166 42 199
38 166 30 74
38 166 53 166
42 199 38 166
42 199 44 207
44 207 42 199
44 207 48 215
48 215 44 207
48 215 78 263
78 263 66 270
78 263 62 262
78 263 82 268
78 263 48 215
82 268 93 261
82 268 139 354
82 268 78 263
139 354 141 361
139 354 82 268
141 361 152 396
141 361 166 360
141 361 139 354
152 396 158 464
152 396 141 361
158 464 147 464
158 464 158 471
158 464 152 396
158 471 205 469
158 471 161 535
158 471 158 464
161 535 158 471
161 535 166 577
161 535 178 530
166 577 161 535
166 577 184 575
184 575 166 577
184 575 200 578
184 575 184 562
200 578 184 575
200 578 214 579
200 578 211 538
214 579 205 604
214 579 200 578
205 604 196 610
196 610 164 608
164 608 157 604
164 616 193 616
193 616 204 614
204 614 215 601
215 601 221 585
221 585 235 547
334 466 362 437
362 437 376 403
376 403 374 382
374 382 369 365
369 365 366 348
366 348 366 335
366 335 381 334
366 335 365 329
381 334 398 334
381 334 379 350
379 350 381 334
166 27 182 16
166 27 162 22
182 16 191 25
191 25 237 86
191 25 178 37
178 37 163 45
178 37 191 25
178 37 211 85
163 45 147 51
163 45 178 37
163 45 196 95
147 51 142 42
147 51 141 55
147 51 163 45
237 86 278 153
237 86 242 80
237 86 192 122
278 153 311 210
278 153 284 150
278 153 265 162
265 162 278 153
265 162 232 115
265 162 251 173
265 162 292 205
251 173 221 126
251 173 265 162
251 173 278 215
251 173 237 184
221 126 232 115
221 126 251 173
232 115 265 162
232 115 221 126
278 215 251 173
278 215 292 205
292 205 265 162
292 205 278 215
192 122 147 51
192 122 237 86
192 122 185 125
237 184 251 173
237 184 230 190
237 184 213 150
261 225 237 184
268 333 262 248
268 333 283 327
272 371 265 375
272 371 270 350
273 377 272 371
273 377 356 341
276 430 273 377
276 430 268 431
297 475 276 430
297 475 291 476
291 476 257 503
282 459 291 476
282 459 255 479
273 442 282 459
273 442 276 430
347 338 330 345
347 338 334 306
330 345 313 353
330 345 316 313
313 353 298 360
313 353 300 320
298 360 272 371
298 360 283 327
283 327 300 320
283 327 268 333
283 327 298 360
283 327 276 302
300 320 316 313
300 320 283 327
300 320 313 353
300 320 291 293
316 313 334 306
316 313 300 320
316 313 330 345
316 313 305 285
334 306 350 299
334 306 316 313
334 306 347 338
334 306 325 282
350 299 358 324
350 299 334 306
276 302 283 327
276 302 291 293
291 293 276 302
291 293 300 320
291 293 305 285
291 293 285 279
305 285 291 293
305 285 316 313
305 285 325 282
325 282 305 285
325 282 334 306
325 282 319 265
325 282 325 282
319 265 301 271
319 265 300 228
319 265 325 282
301 271 319 265
301 271 285 279
301 271 287 237
285 279 301 271
285 279 291 293
285 279 271 244
271 244 287 237
271 244 285 279
287 237 300 228
287 237 301 271
300 228 314 219
300 228 319 265
314 219 350 299
314 219 318 209
311 210 275 235
311 210 314 219
358 324 357 333
357 333 356 341
357 333 347 338
356 341 359 360
356 341 366 335
359 360 367 387
359 360 302 385
302 385 359 360
302 385 297 392
297 392 302 385
297 392 298 426
298 426 297 392
298 426 304 435
304 435 298 426
304 435 320 427
320 427 304 435
320 427 342 406
320 427 314 407
314 407 352 386
314 407 320 427
352 386 356 399
352 386 314 407
342 406 320 427
342 406 356 399
356 399 342 406
356 399 352 386
367 387 367 405
367 405 363 418
363 418 354 434
354 434 342 446
342 446 326 461
326 461 297 475
205 469 242 465
205 469 209 509
242 465 273 442
242 465 209 509
209 509 242 465
209 509 205 469
209 509 194 532
194 532 178 530
194 532 199 535
194 532 209 509
194 532 191 485
191 485 194 532
191 485 176 485
176 485 191 485
176 485 178 530
178 530 179 557
178 530 161 535
178 530 194 532
178 530 176 485
179 557 184 562
179 557 178 530
184 562 184 575
184 562 191 560
184 562 179 557
191 560 184 562
191 560 199 535
199 535 191 560
199 535 194 532
199 535 211 538
211 538 200 578
211 538 199 535
211 538 255 479
255 479 211 538
255 479 282 459
255 446 246 456
255 446 252 413
246 456 237 456
237 456 220 458
237 456 235 414
220 458 205 459
220 458 217 416
205 459 189 460
205 459 200 400
189 460 173 461
189 460 185 402
173 461 158 464
173 461 170 404
170 404 173 461
170 404 168 387
170 404 185 402
185 402 189 460
185 402 170 404
185 402 200 400
200 400 205 459
200 400 185 402
200 400 198 385
198 385 200 400
198 385 185 386
198 385 198 356
185 386 198 385
185 386 168 387
185 386 183 358
183 358 185 386
183 358 198 356
168 387 170 404
168 387 185 386
168 387 166 360
166 360 168 387
166 360 183 358
198 356 198 385
198 356 211 356
211 356 215 398
211 356 229 353
229 353 233 397
229 353 248 352
248 352 251 397
248 352 263 354
262 346 263 354
262 346 246 345
263 354 265 375
263 354 270 350
268 431 255 446
268 431 273 442
246 345 229 346
246 345 243 303
229 346 212 347
229 346 226 303
212 347 198 349
212 347 209 304
198 349 181 350
198 349 195 317
181 350 166 351
181 350 178 318
166 351 151 354
166 351 163 319
151 354 139 354
151 354 148 340
148 340 144 299
148 340 119 300
148 340 151 354
144 299 142 258
144 299 129 299
144 299 148 340
113 290 111 260
113 290 119 300
119 300 113 290
119 300 129 299
119 300 148 340
129 299 128 259
129 299 144 299
217 416 220 458
217 416 215 398
217 416 235 414
235 414 237 456
235 414 252 413
235 414 217 416
252 413 255 446
252 413 251 397
252 413 235 414
251 397 233 397
251 397 248 352
251 397 252 413
233 397 215 398
233 397 229 353
233 397 251 397
215 398 217 416
215 398 211 356
215 398 233 397
243 303 242 286
243 303 226 303
243 303 246 345
226 303 243 303
226 303 209 304
226 303 229 346
209 304 207 289
209 304 226 303
209 304 212 347
207 289 204 253
207 289 209 304
207 289 226 288
226 288 223 251
226 288 207 289
226 288 242 286
242 286 241 249
242 286 226 288
242 286 243 303
195 317 198 349
195 317 178 318
195 317 194 301
178 318 181 350
178 318 195 317
178 318 163 319
163 319 166 351
163 319 178 318
163 319 161 303
161 303 163 319
161 303 178 302
161 303 159 257
178 302 161 303
178 302 194 301
178 302 176 256
194 301 178 302
194 301 195 317
194 301 190 254
93 261 111 260
111 260 128 259
111 260 113 290
128 259 142 258
128 259 129 299
142 258 159 257
142 258 144 299
159 257 176 256
159 257 161 303
176 256 190 254
176 256 178 302
190 254 204 253
190 254 194 301
204 253 223 251
204 253 207 289
223 251 241 249
223 251 226 288
241 249 257 249
241 249 242 286
204 242 190 243
204 242 203 231
190 243 175 244
190 243 187 205
175 244 159 246
175 244 171 206
159 246 142 247
159 246 155 207
142 247 125 248
142 247 140 217
125 248 110 248
125 248 124 220
110 248 95 249
110 248 108 219
95 249 89 252
95 249 92 211
89 252 78 263
89 252 64 214
64 214 92 211
64 214 89 252
92 211 95 249
92 211 64 214
57 201 53 166
57 201 73 197
73 197 73 197
73 197 71 164
73 197 90 196
90 196 73 197
90 196 89 161
251 225 255 239
251 225 237 226
237 226 220 228
237 226 220 202
220 202 220 228
220 228 203 231
203 231 204 242
203 231 196 154
187 205 185 190
187 205 190 243
187 205 171 206
171 206 175 244
171 206 155 207
171 206 187 205
155 207 171 206
155 207 159 246
155 207 154 192
154 192 155 207
154 192 171 189
154 192 151 158
171 189 154 192
171 189 185 190
171 189 168 156
185 190 183 155
185 190 187 205
185 190 171 189
139 204 140 217
139 204 123 203
139 204 136 159
123 203 108 205
123 203 139 204
123 203 119 161
108 205 108 219
108 205 123 203
108 205 105 161
108 219 124 220
108 219 110 248
108 219 108 205
124 220 140 217
124 220 125 248
124 220 108 219
140 217 142 247
140 217 139 204
140 217 124 220
12 57 7 4
12 57 4 58
7 4 1 11
1 11 4 58
53 166 57 201
53 166 71 164
53 166 38 166
53 166 52 132
71 164 73 197
71 164 89 161
71 164 53 166
71 164 69 131
89 161 90 196
89 161 105 161
89 161 71 164
89 161 86 129
105 161 108 205
105 161 119 161
105 161 89 161
105 161 103 117
119 161 123 203
119 161 136 159
119 161 105 161
119 161 117 115
136 159 139 204
136 159 151 158
136 159 119 161
136 159 131 114
151 158 154 192
151 158 168 156
151 158 136 159
151 158 152 129
168 156 171 189
168 156 183 155
168 156 151 158
168 156 165 128
183 155 185 190
183 155 196 154
183 155 168 156
183 155 182 140
196 154 203 231
196 154 206 153
196 154 183 155
206 153 196 154
206 153 230 190
206 153 213 150
206 153 213 150
182 140 175 128
182 140 183 155
175 128 182 140
175 128 165 128
175 128 152 96
165 128 168 156
165 128 175 128
165 128 152 129
152 129 151 158
152 129 165 128
152 129 152 96
152 96 175 128
152 96 152 129
152 96 141 79
141 79 152 96
141 79 137 60
137 60 127 62
137 60 141 55
137 60 141 79
196 95 211 85
196 95 163 45
211 85 178 37
211 85 196 95
131 114 117 115
131 114 131 99
131 114 136 159
117 115 103 117
117 115 131 114
117 115 119 161
103 117 100 103
103 117 117 115
103 117 105 161
100 103 98 68
100 103 116 99
100 103 103 117
116 99 113 66
116 99 100 103
116 99 131 99
131 99 127 62
131 99 131 114
131 99 116 99
85 114 68 114
85 114 86 129
85 114 81 70
85 114 81 70
68 114 50 117
68 114 85 114
68 114 66 71
68 114 66 71
50 117 68 114
50 117 68 114
50 117 48 73
52 132 53 166
52 132 69 131
52 132 50 117
52 132 50 117
69 131 71 164
69 131 86 129
69 131 52 132
86 129 89 161
86 129 69 131
86 129 85 114
3 178 17 171
3 178 5 192
5 192 3 178
5 192 17 190
5 192 10 213
10 213 23 214
10 213 15 231
10 213 5 192
17 190 20 203
17 190 5 192
15 231 10 213
15 231 21 239
21 239 15 231
21 239 30 233
21 239 8 250
30 233 48 259
30 233 21 239
8 250 21 239
8 250 24 274
24 274 8 250
24 274 38 266
24 274 16 283
24 274 35 291
16 283 24 274
16 283 4 286
4 286 16 283
4 286 7 303
7 303 4 286
7 303 21 300
21 300 7 303
21 300 35 291
35 291 21 300
35 291 24 274
35 291 48 282
48 282 35 291
48 282 38 266
38 266 48 259
38 266 24 274
38 266 48 282
48 259 64 280
48 259 38 266
92 322 118 365
92 322 85 329
85 329 92 322
85 329 76 337
85 329 99 355
76 337 85 329
76 337 65 345
76 337 90 360
65 345 76 337
65 345 23 357
65 345 77 366
23 357 65 345
23 357 31 389
31 389 23 357
31 389 19 394
31 389 46 382
46 382 31 389
46 382 66 378
46 382 42 369
42 369 46 382
77 366 90 360
77 366 90 360
77 366 65 345
77 366 89 382
77 366 66 378
90 360 97 378
90 360 76 337
90 360 99 355
90 360 77 366
99 355 85 329
99 355 85 329
99 355 107 372
99 355 90 360
107 372 99 355
107 372 125 401
107 372 97 378
97 378 114 407
97 378 90 360
97 378 89 382
97 378 107 372
89 382 77 366
89 382 97 378
89 382 104 412
89 382 75 390
75 390 92 420
75 390 89 382
75 390 61 398
66 378 46 382
66 378 77 366
61 398 75 390
61 398 67 417
67 417 61 398
83 423 59 438
92 420 104 412
92 420 75 390
92 420 83 423
104 412 89 382
104 412 114 407
104 412 92 420
114 407 125 401
114 407 97 378
114 407 104 412
125 401 107 372
125 401 114 407
130 397 132 419
59 438 83 423
59 438 46 449
59 438 47 414
46 449 59 438
46 449 42 439
47 414 35 423
47 414 35 423
47 414 59 438
35 423 42 439
35 423 35 423
35 423 19 394
42 439 46 449
42 439 35 423
11 383 19 394
11 383 10 371
10 371 11 383
132 419 139 472
132 419 111 428
111 428 132 419
111 428 93 439
111 428 114 469
93 439 111 428
93 439 99 471
99 471 93 439
99 471 114 469
99 471 102 514
114 469 99 471
114 469 111 428
114 469 115 514
115 514 114 469
115 514 102 514
115 514 141 515
115 514 115 550
102 514 99 471
102 514 115 514
102 514 93 551
93 551 102 514
93 551 115 550
93 551 90 577
115 550 93 551
115 550 115 514
115 550 115 577
115 577 115 550
115 577 113 606
90 577 93 551
90 577 84 613
84 613 19 626
84 613 90 577
113 606 84 613
113 606 115 577
112 615 146 621
84 619 112 615
19 626 25 634
25 634 84 619
235 547 261 509
227 545 214 579
261 509 297 482
257 503 227 545
297 482 334 466
275 235 262 238
147 464 140 402
147 464 139 472
66 270 62 262
66 270 64 280
5 68 13 67
5 68 17 171
146 474 147 464
146 474 158 471
262 238 255 239
262 238 261 225
255 239 204 242
255 239 257 249
257 249 262 248
257 249 262 346
262 248 271 244
262 248 262 238
142 42 139 37
142 42 166 27
139 37 133 40
265 375 268 431
265 375 273 377
270 350 268 333
270 350 262 346
19 394 35 423
19 394 31 389
19 394 11 383
230 190 251 225
230 190 237 184
213 150 206 153
213 150 192 122
185 125 206 153
185 125 192 122
