Parado 0.19493133329084772 0.010255835304345913 1.1006806631491019e-07 9.138723644745125e-09 -6.698502059132083e-17 -7.170903397794904e-10 -2.8199377567330154e-16 0.0
Parado 0.19493134511029475 0.010255835336525857 1.100586953918256e-07 9.137113159430431e-09 -6.701708352635392e-17 -7.170316410803864e-10 -2.8189473106185206e-16 0.0
Parado 0.19493446827274932 0.010256198424357918 1.0576799466773595e-07 8.73077583568355e-09 -5.950340968414763e-17 -6.847665806242164e-10 -2.5855297129705283e-16 0.0
Parado 0.32086528327062974 0.06544279122586007 0.0016354263236283153 0.0024427111423620815 4.814371877458735e-06 0.0006013303125187378 8.115349231220201e-07 0.0
Parado 0.3307005480202943 0.07084210446963794 0.0018400012742985404 0.002669300831578918 5.819657845189634e-06 0.0006874055019733494 1.0615839954611232e-06 0.0
Parado 0.3320130524066889 0.0715698744563234 0.001950968413782579 0.002771791803165207 6.3470137399033966e-06 0.0007174382613502039 1.1232489714903749e-06 0.0
Parado 0.33418329010571685 0.07285817632947933 0.002113876724052204 0.0029611782314119786 7.310647947383409e-06 0.0007743728933553729 1.2007946301515857e-06 0.0
Parado 0.33566093087174226 0.0738837760968377 0.002240361655632357 0.003098340223916825 8.07105462470825e-06 0.0008163524976737241 1.2221065414994314e-06 0.0
Parado 0.3369562069188951 0.07493056480612499 0.002328335117367514 0.0031912683168125785 8.61476576939352e-06 0.0008469102271178431 1.2074154796407792e-06 0.0
Parado 0.36395588840042475 0.08955069656695568 0.008594601265149824 0.008555602805109077 7.314401341681385e-05 0.002373988362698387 5.689745384579105e-06 0.0
Parado 0.1949340930128285 0.010256173224184302 1.0614357761943243e-07 8.757441172878785e-09 -5.5004555771332896e-17 -6.832017610703026e-10 -2.612737499359877e-16 0.0
Parado 0.1949389834482369 0.01025683262979529 9.937729828313618e-08 8.174106301089582e-09 -4.777479127463118e-17 -6.376912031015135e-10 -2.280210379794074e-16 0.0
Parado 0.19493775987231243 0.010256766001958923 1.0124432085966088e-07 8.352287480622141e-09 -5.0522745084347527e-17 -6.518551953996435e-10 -2.3756813195968414e-16 0.0
Parado 0.19493812206302613 0.010256813706736525 1.0077346395306617e-07 8.31140289274687e-09 -5.0262563103052876e-17 -6.488802839638307e-10 -2.3522849351042403e-16 0.0
Parado 0.3775430486070672 0.09966234061318593 0.008623441507697362 0.009433744534384537 8.482441663809921e-05 0.0028087173505406023 6.687661602568214e-06 0.0
Parado 0.19493515180015655 0.01025642429638272 1.0505191839992064e-07 8.66707589098441e-09 -5.607184081813321e-17 -6.786473023936625e-10 -2.554418607552102e-16 0.0
Parado 0.19495327415276986 0.010260458570140478 9.119179904020159e-08 7.635439834052023e-09 -2.1320754464186574e-17 -5.599577949425298e-10 -2.0034735391897854e-16 0.0
Parado 0.19493906533588726 0.01025692071267379 1.0028910164767263e-07 8.203461065269676e-09 -4.810815477831075e-17 -6.415926683308472e-10 -2.303298826646473e-16 0.0
Parado 0.19492851162618985 0.01025539627107478 1.1410707430561925e-07 9.491305007589485e-09 -7.449149478034617e-17 -7.459078115294125e-10 -3.033400541774721e-16 0.0
Parado 0.38047604607754343 0.10231599475628668 0.00829585627609981 0.009588205852995323 8.525939513798218e-05 0.002936349746628655 6.592416242170967e-06 0.0
Parado 0.380015272528019 0.10204609782505498 0.008087325865353151 0.00948328714136992 8.27957947733802e-05 0.0029080519789187504 6.495885008604993e-06 0.0
Parado 0.37930807365258934 0.1015515282577393 0.007980501949275551 0.009411023204405372 8.130748838534971e-05 0.0028825280159722783 6.3965767838075486e-06 0.0
Parado 0.3786713624804435 0.10111751501690475 0.007833891798494697 0.009284303250657221 7.893238371846622e-05 0.0028393319182849694 6.250773910580826e-06 0.0
Parado 0.3793351691911036 0.10159017848328356 0.007801991582359235 0.009336366583022799 7.943624205568331e-05 0.002868062398232312 6.275199773372131e-06 0.0
Parado 0.3807214791337999 0.1025949822075863 0.007954217637809829 0.009474633980704538 8.19996736002205e-05 0.0029263180708484302 6.4279264971855356e-06 0.0
Parado 0.3817483382294448 0.10338462416052512 0.008059562717070878 0.00962750536605964 8.455678247132959e-05 0.002990410760193856 6.4963078844593826e-06 0.0
Parado 0.3828770866718939 0.10424606139818773 0.007944522805862374 0.009633276736162816 8.402804659299834e-05 0.0030116148433275295 6.437295723818737e-06 0.0
Parado 0.3845741831713478 0.1055265618841856 0.007978628747108998 0.009737697516718671 8.558897749636447e-05 0.0030680261769445855 6.45259308043139e-06 0.0
Parado 0.38740106150522585 0.1075864072379249 0.00806595388635091 0.009932977330962236 8.86592969514537e-05 0.0031659463991686307 6.662354828611986e-06 0.0
Parado 0.39027540778187136 0.10973861822843993 0.008238538368242579 0.010159785740781245 9.269618868154193e-05 0.0032727606481304993 6.871617838807651e-06 0.0
Parado 0.3929821844057701 0.11169854912130656 0.00829800442060762 0.01033234812946772 9.540899989672417e-05 0.0033616938979969795 7.090585439605378e-06 0.0
Parado 0.3949511430049751 0.11308464475349374 0.008446279235068811 0.010546450992968331 9.926938955354592e-05 0.003454838812822028 7.3179934195248555e-06 0.0
Parado 0.39543015065985754 0.11342254565213211 0.008499344262037105 0.01059251851848289 0.0001002341917461213 0.003475559070354504 7.385309588571567e-06 0.0
Parado 0.39581482433606546 0.11365370871896377 0.008568092626995651 0.010680759735810067 0.00010190209260700468 0.0035071606384007446 7.464940063729776e-06 0.0
Parado 0.39351298819101843 0.11198912418022204 0.008536973072404717 0.010481143710655005 9.888235432451194e-05 0.0034088391473691155 7.193491716421863e-06 0.0
Parado 0.38989055067432415 0.10930583121530046 0.008493373216619717 0.010242888042253219 9.528574225809702e-05 0.0032799503250441685 6.930784511657239e-06 0.0
Parado 0.385821338727045 0.10624240919224029 0.008391246874707527 0.009955713933825813 9.07538299258965e-05 0.003132883674807044 6.633070688247277e-06 0.0
Parado 0.38142582299239014 0.1029580797663879 0.008323572898001572 0.009675575935997554 8.659946799391844e-05 0.0029859815225846327 6.3239659526032375e-06 0.0
Parado 0.37867890911372715 0.1008388311272042 0.008389890389032654 0.009558097855459764 8.536664448969659e-05 0.0029101548414045045 6.212885282902616e-06 0.0
Parado 0.39095254170235855 0.10916155964190737 0.009008260959153351 0.010625165516788765 0.00010367268022165413 0.0034028459447842663 7.586506383150823e-06 0.0
Parado 0.38985686396244384 0.10817454188301048 0.008857014627747057 0.010484448077956756 0.00010074753629987811 0.0033430047220843443 7.585791797490464e-06 0.0
Parado 0.1949494074669622 0.010259654188858365 9.611057291530672e-08 8.01596295127906e-09 -2.620372711456963e-17 -5.914839886845181e-10 -2.209459983619566e-16 0.0
Parado 0.19492799622275891 0.010255435612222285 1.15887820551691e-07 9.60439230664966e-09 -7.453376797016883e-17 -7.54979010460559e-10 -3.11633825281349e-16 0.0
Parado 0.3867607730867121 0.10582455152923097 0.008372916487327417 0.00993230030247496 9.028822045471292e-05 0.003134478716961716 7.214514344585758e-06 0.0
Parado 0.38678633156526143 0.10584249181090961 0.008374261076471089 0.009933933744346278 9.03175335703425e-05 0.0031353856747632215 7.219523265083146e-06 0.0
Parado 0.3646328976993793 0.1029994551092478 0.00119979116607897 0.000908440501128759 9.483504575228453e-07 0.0002805346548797654 -1.0903823518492342e-08 0.0
Parado 0.36466316081437855 0.10302847654866473 0.001203859739181837 0.0009119170104728741 9.554156447552292e-07 0.0002817662904206666 -1.0959754537746008e-08 0.0
Parado 0.36500036325901136 0.10327852583921371 0.0011926433858529461 0.00090618557080594 9.420084896040224e-07 0.0002804242497139504 -1.0347478718490662e-08 0.0
Parado 0.36495897137101513 0.1032532129325415 0.0011921226640569113 0.0009065540820104687 9.423799072147306e-07 0.00028058411813495127 -1.0118170673973018e-08 0.0
Parado 0.3650118123481745 0.10329250760476666 0.0011920327170160043 0.0009068285915720673 9.427726078468531e-07 0.0002807598391049532 -1.0103725965755816e-08 0.0
Parado 0.36502706479829894 0.10330633568727289 0.0011944169252327938 0.0009084786724536994 9.462908211954706e-07 0.00028132160766592085 -1.0245054227335471e-08 0.0
Parado 0.3650470818857663 0.10331323307365994 0.0011977162967328583 0.0009103645217315718 9.505469326953165e-07 0.0002818973155454542 -1.0481423887554896e-08 0.0
Parado 0.36502581262141937 0.1032952485895171 0.0011996994371248147 0.0009106445425337193 9.517703155472572e-07 0.0002818740415892698 -1.0692757817903107e-08 0.0
Parado 0.36494718948936544 0.10323647926500261 0.0012041058117227407 0.0009124373427670978 9.563306653400664e-07 0.0002822462970957347 -1.1017919950007031e-08 0.0
Parado 0.36491478344172573 0.10321155202704536 0.0012021318822490216 0.0009113549509909539 9.538481084249252e-07 0.00028193813688154887 -1.0864648441004533e-08 0.0
Parado 0.3647637984141301 0.10310130336255945 0.0012069608815422099 0.0009145836841562737 9.608450601550449e-07 0.0002827808710282254 -1.0990666724813983e-08 0.0
Parado 0.3653870351733175 0.10355804252198324 0.0012061946916186903 0.0009150220154399464 9.612311142988423e-07 0.000283534399170818 -1.0954665028817447e-08 0.0
Parado 0.36529002979114505 0.103494324029066 0.001204711400642815 0.0009152096029531492 9.609387238514792e-07 0.0002836076907830639 -1.0649400563770677e-08 0.0
Parado 0.36528065768897994 0.10348010756136512 0.0012044804809593131 0.0009141706426794748 9.592086196977706e-07 0.00028319265045827566 -1.0837163728098975e-08 0.0
Parado 0.3651260069996281 0.10337448113841574 0.0012039531365200075 0.0009133360472347945 9.576837928686033e-07 0.00028276534740704197 -1.0981765372113121e-08 0.0
Parado 0.3651349964721823 0.10337908373238439 0.0012081152640338025 0.0009158232720310236 9.63256507825341e-07 0.0002835275262510124 -1.1274554476602963e-08 0.0
Parado 0.3652138654718393 0.10343274960698524 0.0012057954076738278 0.0009136117382452179 9.588462798234396e-07 0.000282836630100717 -1.1332696295563646e-08 0.0
Parado 0.3649296263921448 0.1032238010372863 0.0012037955282268899 0.0009124912180894578 9.56289458102609e-07 0.00028229012623190604 -1.1247072369437143e-08 0.0
Parado 0.36513655317815685 0.10337298875723953 0.0012026605874741717 0.0009137767160287172 9.578625608711028e-07 0.0002830378976564464 -1.0968575177878895e-08 0.0
Parado 0.3652807957399791 0.1034790991623727 0.0012037165735266865 0.0009148055050753134 9.599008921459204e-07 0.00028346545440313415 -1.1070166427193363e-08 0.0
Parado 0.3654062511150559 0.10355936158566277 0.001204594661423831 0.0009166802708834639 9.632070959599578e-07 0.0002842070948516387 -1.0863517813107457e-08 0.0
Parado 0.3653082829467065 0.10348876067877916 0.0011952258668375695 0.0009112508899006925 9.509466403888488e-07 0.0002825252987850682 -1.0364059362194678e-08 0.0
Parado 0.3651653378876428 0.10337779873904514 0.001192920829632577 0.0009069019681145452 9.432333305296421e-07 0.0002807666492087779 -1.0554799976362904e-08 0.0
Parado 0.36501750603433597 0.10327478799923169 0.001187982645320323 0.0009027566865376259 9.348326666844719e-07 0.0002793143696306951 -1.0470461290280195e-08 0.0
Parado 0.36487688027404347 0.10317358352914134 0.0011840352046357438 0.0008999791416380773 9.289771421401239e-07 0.00027836293518738916 -1.015485878093681e-08 0.0
Parado 0.36490766057125595 0.10319215199608342 0.001180890202211812 0.000898449842574029 9.25380861537638e-07 0.0002779397595206926 -9.929809597598823e-09 0.0
Parado 0.3648142422239024 0.10312592200744257 0.0011765492599366998 0.0008969571565821216 9.213825857578135e-07 0.0002775453450178157 -9.401410530715902e-09 0.0
Parado 0.3646497606656636 0.10301608984615983 0.0011672281435767817 0.0008923587768123925 9.106818935442306e-07 0.000276132791322325 -8.831928908030873e-09 0.0
Parado 0.3648909975744 0.10319686159297106 0.0011585813469751237 0.0008864731172200011 8.983426528712317e-07 0.00027448993988530684 -8.53513255610923e-09 0.0
Parado 0.36498570668329106 0.1032673193036241 0.0011534334795429153 0.0008836236728493312 8.920271039648167e-07 0.0002737243038326815 -8.396706797456808e-09 0.0
Parado 0.36539029072483475 0.10357404700512648 0.0011455546689273486 0.0008811202320812039 8.852035278096688e-07 0.0002735666980525455 -7.954563854906486e-09 0.0
Parado 0.3653926305082739 0.10358602979100696 0.0011322051801283442 0.0008746805437934996 8.704061029498734e-07 0.0002718303222416587 -7.195812410154648e-09 0.0
Parado 0.36521966070561734 0.10345513932419159 0.0011383001509152847 0.000878244257079757 8.780819443475372e-07 0.0002727418126364424 -7.614244146489362e-09 0.0
Parado 0.3652327742034847 0.10346782530203874 0.001135179049987996 0.0008762533000902925 8.738984620734097e-07 0.00027216184901682135 -7.432932615077742e-09 0.0
Parado 0.36530847138436395 0.10352162292635478 0.001140867385400498 0.0008810018581549177 8.832166729424266e-07 0.0002737971720111991 -7.476618328810857e-09 0.0
Parado 0.3649868983249653 0.10328849398886393 0.0011426960129745079 0.0008793555172731329 8.81445129601019e-07 0.0002728009042602355 -7.756155020027975e-09 0.0
Parado 0.3644801575974452 0.10292419899549024 0.0011377234247464823 0.0008727497192900155 8.696308778835152e-07 0.0002700941015943137 -7.912243452267955e-09 0.0
Parado 0.3641893018206832 0.10270271022166902 0.001153795321909374 0.0008781751755509607 8.839214027529166e-07 0.0002710807087433866 -8.992138794317696e-09 0.0
Parado 0.36359414042904736 0.1022652255650982 0.001159848450319964 0.0008805322791858793 8.898058626323168e-07 0.000271170472376707 -9.213893107806543e-09 0.0
Parado 0.36351821681730484 0.10221042212495214 0.001160145938458276 0.0008822834274612165 8.925776078391188e-07 0.0002717657987855827 -9.087381744928909e-09 0.0
Parado 0.36313839756725697 0.10194902561889821 0.0011428677990602395 0.0008720452790511472 8.705378060829407e-07 0.00026849634469185927 -8.1249051760549e-09 0.0
Parado 0.36402747115128975 0.10259309082986162 0.0011419403231865634 0.0008722830828997941 8.705407623672428e-07 0.0002693841551952467 -8.093312284035623e-09 0.0
Parado 0.3646446293074187 0.10305539207017868 0.0011353304538604897 0.0008726039201208915 8.6850295693589e-07 0.00027040642507278784 -7.357183878155088e-09 0.0
Parado 0.36567127108763103 0.10380872850210132 0.001126817869247385 0.0008724048073548665 8.649501500433288e-07 0.000271673248132441 -6.65629351230266e-09 0.0
Parado 0.36626583539470514 0.10426210788552609 0.0011094705232535735 0.0008656221902852884 8.482823379561796e-07 0.0002705394805766749 -5.765564684764655e-09 0.0
Parado 0.3665316448082288 0.10447807385511652 0.001080478077250421 0.0008507507412720607 8.156527653298957e-07 0.0002666526636130968 -4.348231861621076e-09 0.0
Parado 0.36635953765422485 0.10436149510119959 0.0010800571841194449 0.0008517928456355871 8.169945366036389e-07 0.00026706367112828706 -3.9998481360839566e-09 0.0
Parado 0.36624059331579467 0.10426273382244225 0.001088176406397176 0.0008595963691869184 8.313556338862746e-07 0.0002695791207818863 -3.85421155875079e-09 0.0
Parado 0.36530755329369224 0.10356795621254451 0.0010989707130969867 0.0008664818875775693 8.455280546703332e-07 0.00027096630680736134 -3.7497624318548255e-09 0.0
Parado 0.34926511621970674 0.09024993716332814 0.0015676427625348846 0.000992642818824613 1.2375084108293344e-06 0.00029467020804609123 -4.3235824894756584e-08 0.0
Parado 0.3481901867607164 0.08946329672247787 0.00159007076092151 0.0010005551633714641 1.2612165787545167e-06 0.0002954692212717376 -4.531247081806118e-08 0.0
Parado 0.36570076517211175 0.10354389289905924 0.0010864532312544763 0.0008495975310919641 8.162536016537043e-07 0.00026571854260380024 9.100388003307849e-10 0.0
Parado 0.36751057849697033 0.10482995916097418 0.0010697883753019283 0.0008453870857697154 8.039503087109607e-07 0.00026684180019710647 3.0594488196112465e-09 0.0
Parado 0.36820479370602455 0.1052967439822755 0.0010742703750199689 0.0008492381452985423 8.111418033496718e-07 0.00026860271418908266 3.590852309387904e-09 0.0
Parado 0.3679822853992211 0.10512761318441004 0.0010726932842633323 0.0008502996866126952 8.120645283147526e-07 0.00026890668424443093 4.000114002165413e-09 0.0
Parado 0.3681798293750585 0.10528912446377786 0.0010673783712354 0.0008536652080206466 8.148605349144998e-07 0.0002706372882530563 4.7204421646525315e-09 0.0
Parado 0.3678378344443474 0.10510250630363235 0.0010770549786369456 0.0008687196774338178 8.4029453216644e-07 0.0002757820615443319 4.732306081446576e-09 0.0
Parado 0.3662998172865941 0.10419280309598451 0.001097591186887563 0.0008890245361717838 8.781936749763575e-07 0.0002809209817035329 1.4858048652253302e-09 0.0
Parado 0.36752550525661853 0.10511741237800212 0.0010610566149256379 0.0008753884793612844 8.436620428900139e-07 0.0002787586835670185 2.5658125907375105e-09 0.0
Parado 0.36628277869651904 0.10423848223688123 0.0010441061101675558 0.0008599326917187661 8.148318423953481e-07 0.0002723119864556296 1.7624558672338846e-09 0.0
Parado 0.3678374676887281 0.10540532296100724 0.0010065594987501646 0.0008413975493551628 7.743179997670467e-07 0.00026827279210363486 2.484148428248124e-09 0.0
Parado 0.37000771279086114 0.10702087146053893 0.0009909986846531125 0.0008376093934590499 7.631232551939122e-07 0.00026938181602726287 3.3399175392054963e-09 0.0
Parado 0.35604531265774386 0.09498583832724768 0.001424929047321747 0.0009433754888074512 1.0934931906971834e-06 0.00028906738399261565 -2.4323888441004915e-08 0.0
Parado 0.35533614766321747 0.09446393630625446 0.0014496905413457874 0.0009543800888681851 1.122261238984024e-06 0.00029137548311455506 -2.7009970357379478e-08 0.0
Parado 0.36825339457831757 0.10566349759558916 0.0010571671505780996 0.0008706591787237844 8.353017732622175e-07 0.00027708869187208186 1.5005734649401642e-09 0.0
Parado 0.36755083956075485 0.10509761651846523 0.0011023743600478003 0.0009003883630415873 8.9703404244259e-07 0.00028606014835433856 1.272519015205396e-09 0.0
Parado 0.3673855887479896 0.10476437764450816 0.0011006001458370364 0.0008939418531333125 8.866861874751732e-07 0.0002840553473080513 5.6273363301741866e-09 0.0
Parado 0.3679906650140948 0.10505549398778541 0.001176994171359741 0.0009577325567292257 1.0167876447558626e-06 0.00030655889507746816 1.0526452621790075e-08 0.0
Parado 0.36645053279572437 0.10380900417647944 0.0011963213292915946 0.0009674922717414549 1.0407804956900105e-06 0.0003082553614061941 1.340792895448322e-08 0.0
Parado 0.3644157494245169 0.10223112928767357 0.0012166925961978414 0.0009783644738420231 1.067309247017793e-06 0.0003097816229288865 1.6385319044258494e-08 0.0
Parado 0.3644157494245169 0.10223112928767357 0.0012166925961978414 0.0009783644738420231 1.067309247017793e-06 0.0003097816229288865 1.6385319044258494e-08 0.0
Parado 0.274474405563005 0.041851117696216265 0.00045536643418832317 0.000635254195884759 3.4081453989935724e-07 0.00012995284397685834 -2.4106760561388336e-08 0.0
Parado 0.27505679191753385 0.042171431467682395 0.000471197815740552 0.0006499079914503554 3.5883431299943155e-07 0.00013345192488199007 -2.4201079657081337e-08 0.0
Parado 0.27563560463926234 0.04249242418254974 0.00048496970702525743 0.0006628542661028878 3.7507433180621504e-07 0.0001366184785078325 -2.372437272523242e-08 0.0
Parado 0.2762864415243538 0.042875939155381446 0.0005057746751000201 0.0006802932825715302 3.9835127849238866e-07 0.00014082497898247148 -2.3534240907738642e-08 0.0
Parado 0.2774250299386925 0.0433911580459218 0.000538615848313634 0.0007119497947494891 4.402744439984111e-07 0.00014820207569909424 -2.296778651888632e-08 0.0
Parado 0.27802163228548954 0.04370989602632982 0.0005570485343835505 0.0007279698896973247 4.6306909287442675e-07 0.00015206597168308203 -2.157466631956814e-08 0.0
Parado 0.27816589089730676 0.043773042338466385 0.0005638605011017961 0.0007338974025991525 4.716863877708624e-07 0.00015338987165250905 -1.9883460472481302e-08 0.0
Parado 0.27820447628503403 0.043730961984808206 0.0005674400644202646 0.0007403982460040666 4.79566878111337e-07 0.00015468756311277844 -1.809373003829696e-08 0.0
Parado 0.27812869177107513 0.04366842666377414 0.0005529058796593937 0.000729986720620123 4.6346694596527455e-07 0.0001524085487525568 -1.6626447244866954e-08 0.0
Parado 0.2776062940425618 0.04335640414129803 0.0005384772454328535 0.0007187122005529647 4.468587628205807e-07 0.00014953908485900548 -1.504241508938803e-08 0.0
Parado 0.2771032084656525 0.04306427681074624 0.0005210786595067925 0.0007043760261007984 4.264945327054038e-07 0.00014607954844826274 -1.4330572286048597e-08 0.0
Parado 0.2763960130932828 0.0426694039879258 0.000503667384569159 0.0006897461991387122 4.0632635231754065e-07 0.0001424155715684662 -1.3253304270949734e-08 0.0
Parado 0.2758534962860853 0.04234698349554756 0.0004843553661324269 0.000674030562885127 3.848730986794933e-07 0.00013866532466512757 -1.392047102555534e-08 0.0
Parado 0.27374325606209743 0.04130711579523743 0.00043368818010838957 0.0006276154463478502 3.2719381617724326e-07 0.00012755739908702177 -1.264611452987992e-08 0.0
Parado 0.27306238901770774 0.040959549668891405 0.00040431828025009925 0.0006018315220713542 2.9660838833768184e-07 0.00012179863859050327 -1.2586324438904276e-08 0.0
Parado 0.27253699144721366 0.04066331134406137 0.0003825465291148705 0.0005844504076673148 2.760605991825824e-07 0.0001178425702372311 -1.270165955782361e-08 0.0
Parado 0.2723252105265991 0.04051964313707674 0.00036923243760202557 0.0005740093545378239 2.6390484016885163e-07 0.0001155252774235335 -1.366021577957968e-08 0.0
Parado 0.2720794576850061 0.040343281834576264 0.0003589474798166752 0.0005670322357878152 2.554524933942941e-07 0.00011386536508370812 -1.362574296215026e-08 0.0
Parado 0.27213612926777797 0.04033345519690107 0.00036366231710670564 0.000574248056194462 2.620344440416725e-07 0.00011530182158502462 -1.4236877430143434e-08 0.0
Parado 0.272048401880305 0.040250282764618686 0.00035507176185262866 0.0005700585747465932 2.5613815121982377e-07 0.00011432862603851814 -1.3050916013277227e-08 0.0
Parado 0.27191520983897305 0.040183290552892444 0.00035308235353577493 0.0005690537362319968 2.5475039757190546e-07 0.00011402926825615746 -1.2864660199989542e-08 0.0
Parado 0.27171783984089937 0.0401184988470225 0.0003459045717541212 0.0005636453662913463 2.485729170474634e-07 0.00011284195570083013 -1.2325662477560159e-08 0.0
Parado 0.27158700797434854 0.04007033746815246 0.0003507359760539983 0.0005691021816311825 2.5399531484056227e-07 0.00011385885095428335 -1.15663541327213e-08 0.0
Parado 0.2712042565384139 0.03993786438692132 0.000345503145415346 0.0005624342919341366 2.4770723229813257e-07 0.00011233000837658877 -1.056962909116634e-08 0.0
Parado 0.2713143337186779 0.04007263353452852 0.00035051111037807817 0.0005653383934734399 2.514868180161855e-07 0.00011309987114501521 -9.325641497748378e-09 0.0
Parado 0.2712687430570502 0.040097857722880055 0.0003511128309193936 0.0005637944025850177 2.50730057740663e-07 0.00011282342684667258 -7.574583882158735e-09 0.0
Parado 0.271255182482347 0.04011518418681052 0.0003483485337232841 0.0005607893525044764 2.478080961669714e-07 0.00011223033608042464 -5.0773970370978334e-09 0.0
Parado 0.2714361461474868 0.04020194717366702 0.000355188954166992 0.0005652246754930627 2.532382608221901e-07 0.0001132542331422601 -3.0777952481427227e-09 0.0
Parado 0.272014041873434 0.040435583674960814 0.0003753257085145817 0.000584166470441217 2.735325998918808e-07 0.00011741018933598134 -2.7514775587490878e-11 0.0
Parado 0.2740786238008658 0.041384153206598044 0.00044085776613712456 0.0006444019983703411 3.434650935944801e-07 0.000131091011813558 1.0317485424936873e-09 0.0
Parado 0.27540096793410684 0.04193656126880971 0.00047894986580685785 0.0006768320582543653 3.853389019236271e-07 0.0001385904770524363 4.0133676584940214e-09 0.0
Parado 0.27678861860824405 0.042519279243327275 0.0005207441122207442 0.0007141290392660288 4.3543598180608787e-07 0.00014718224764211858 6.797445736597202e-09 0.0
Parado 0.2780868407162928 0.04307385617637597 0.0005673703265582757 0.0007531759733260802 4.922611874705049e-07 0.00015613455970490034 9.59011874740638e-09 0.0
Parado 0.27943936879778813 0.04365925743102818 0.0006128948927038666 0.000793614023348347 5.533761096467204e-07 0.0001655099793974482 1.1051816485620479e-08 0.0
Parado 0.280299638828839 0.044035895036262734 0.0006413194286426187 0.0008184442930714124 5.928556227587312e-07 0.00017131155924746393 1.0791962393148668e-08 0.0
Parado 0.28079759636741036 0.04423823007979263 0.0006639041936998232 0.0008363207560360628 6.231163360933575e-07 0.0001753994422827481 8.756892974105117e-09 0.0
Parado 0.28111736509816143 0.04436723516604251 0.0006790975239716338 0.0008468029311227939 6.42115655820987e-07 0.00017787284129298637 7.0727231852350686e-09 0.0
Parado 0.2813620225761763 0.04442028339658007 0.0007045971266919439 0.0008711691388941351 6.825296937630221e-07 0.0001831393513072406 2.3648556994091717e-09 0.0
Parado 0.2813555159733146 0.04436833712390143 0.0007123891898714605 0.0008809739117865878 6.979071679744435e-07 0.00018519918509643133 -3.535730607082545e-09 0.0
Parado 0.28083248793089105 0.044094168815705895 0.0006983189408669564 0.0008688250062447823 6.766305647485455e-07 0.00018220109623536885 -1.2472204710110203e-08 0.0
Parado 0.28016355865245596 0.04378570952605003 0.0006809940622741324 0.0008546504418593834 6.517788865332642e-07 0.0001787461751696881 -1.7369273232284227e-08 0.0
Parado 0.27896023923241675 0.04328014970127228 0.0006460303041829066 0.0008227669391531703 5.993099248142839e-07 0.0001711497353631783 -2.541712231917009e-08 0.0
Parado 0.27676320007785216 0.04232340041529956 0.0005798763699597123 0.0007618391711760895 5.054109673693959e-07 0.00015671284756353914 -3.104925690976367e-08 0.0
Parado 0.270790451138386 0.03985352975247549 0.0005079468449923731 0.0006873257909129139 4.048865846817377e-07 0.0001366523339648887 -3.161223327511579e-08 0.0
Parado 0.27126676102452796 0.040147822362897226 0.00048705379433490643 0.0006700365088493537 3.8115692954939566e-07 0.0001337152546134113 -3.508708339887184e-08 0.0
Parado 0.2718834460595607 0.04049824061925247 0.0004702385048291444 0.0006543742357115485 3.6111389844965653e-07 0.00013120978849861246 -3.6888347314523636e-08 0.0
Parado 0.2727548662084845 0.040961055214038804 0.0004695755286323512 0.0006528926620211437 3.5932811840736623e-07 0.0001317452393298754 -3.9621091605866124e-08 0.0
Parado 0.2731009315490173 0.04116989984622164 0.0004607775762763898 0.0006450559133917323 3.495451885374293e-07 0.00013056267410632306 -3.864696901627905e-08 0.0
Parado 0.2729486958501282 0.04108445062896288 0.0004421403974244675 0.0006373728791481723 3.3660751576677216e-07 0.00012890779520590724 -3.432729670660905e-08 0.0
Parado 0.2722647244184172 0.04067898416040191 0.0004196707403870665 0.0006307563833722469 3.232997467586551e-07 0.00012693362584193473 -2.816209482545507e-08 0.0
Parado 0.27610218835383593 0.04218123450936914 0.00045118949556089067 0.0006836933138452578 3.788669810494182e-07 0.00014041710071553663 -2.5542366065704606e-08 0.0
Parado 0.27735278936882796 0.04270126911453534 0.000477749354786431 0.0007174300401799101 4.196413502291482e-07 0.0001482006180514663 -1.7817590703561282e-08 0.0
Parado 0.27763645327447695 0.04280670398206034 0.00047651465003658504 0.0007231609706190942 4.244231685190918e-07 0.00014951855802644188 -8.713869840809148e-09 0.0
Parado 0.2770194565768994 0.042443528711226836 0.0004575561107164484 0.0007135328481720086 4.07699235933541e-07 0.0001468620446268933 -1.5745885721942224e-09 0.0
Parado 0.2704180301138915 0.039546775981979934 0.00038491909001326464 0.0006289323529077075 3.0944836446083934e-07 0.00012449162066828802 -1.0367387950601443e-09 0.0
Parado 0.26912694911672397 0.039062153206580456 0.00033311561082249223 0.0005697374022445592 2.482028862888171e-07 0.00011225096248072896 8.851797998634329e-10 0.0
Parado 0.2733240773767106 0.040918595112520446 0.00034303018233102856 0.0005820968977065795 2.6000782524486823e-07 0.0001177474039936948 7.3334917295619096e-09 0.0
Parado 0.2736046700522151 0.04106840531546707 0.0003539750054873528 0.0005846534302539688 2.6586645060554287e-07 0.00011846182870990071 7.451638343072494e-09 0.0
Parado 0.27405932625484164 0.0412511215930486 0.0003735605299564708 0.0005974344091903633 2.821446014119538e-07 0.00012124063696276825 7.269269890337328e-09 0.0
Parado 0.27419862799720285 0.04124175700590431 0.00038368162297418876 0.0005961864666825626 2.849825455121892e-07 0.00012080606794893085 9.484966232376016e-09 0.0
Parado 0.2746833674193797 0.041420293152216715 0.0004030028930011303 0.0006047373952283551 2.9837448122520795e-07 0.00012258125060475157 9.976752815600876e-09 0.0
Parado 0.2747348725262331 0.04141522544993599 0.0004254951634415974 0.0006138631150963197 3.135318835238241e-07 0.00012420057835891014 1.1118633633051686e-08 0.0
Parado 0.27556853266807485 0.041712924859179816 0.00047123091729818294 0.0006469726342419672 3.5687343302077396e-07 0.00013098693789706574 1.5917014060340093e-08 0.0
Parado 0.2764657472621629 0.042062410389341005 0.0005178090895128987 0.0006798575543582332 4.028122270118596e-07 0.00013807938627577912 2.134852341308982e-08 0.0
Parado 0.2779485924476165 0.04278735775554948 0.0005732784830468693 0.0007226687604945297 4.642381346128706e-07 0.00014806947674291578 2.9089503308825117e-08 0.0
Parado 0.2791683012769136 0.04346331300644227 0.000635717105278819 0.000765822280216953 5.329002514015564e-07 0.0001583199249353996 3.9303772926288906e-08 0.0
Parado 0.2734636286540328 0.041159263210080836 0.0006217656612762309 0.0007547494791371494 5.14680081516616e-07 0.00015294806121080842 4.9261749148693706e-08 0.0
